$ 1 0.000005 10.20027730826997 50 5 50 5e-11
t 320 432 320 400 0 -1 1.1218300582992966 -0.1838333876215128 100 default
t 240 432 240 400 1 -1 -0.002761527253741125 1.3029019186670683 100 default
w 224 400 224 384 0
w 304 400 304 384 0
w 304 384 224 384 0
w 224 384 160 384 0
w 80 384 80 464 0
g 80 464 80 480 0 0
w 256 400 256 368 0
w 336 400 336 368 0
w 256 368 336 368 0
w 336 368 384 368 0
w 384 368 384 288 0
w 384 224 384 160 0
r 384 160 384 96 0 1600
w 384 96 384 64 0
w 224 64 128 64 0
R 128 64 128 32 0 0 40 5 0 0 0.5
t 352 224 320 224 0 1 0.6162896503007276 0.6495064827651588 100 default
w 384 224 352 224 0
w 384 288 384 224 3
w 320 240 320 272 0
w 320 272 144 272 3
w 144 272 144 288 0
w 160 320 160 336 0
w 160 384 80 384 0
p 160 336 160 384 3 0 0
s 192 448 224 448 0 1 false
s 192 480 224 480 0 1 false
w 224 448 240 448 0
w 240 448 240 432 0
w 224 480 320 480 0
w 320 480 320 432 0
w 192 448 192 464 0
w 192 480 192 464 0
w 128 464 192 464 0
t 288 192 256 192 0 1 -4.30789382851588 0.4707966874579887 100 default
w 320 208 320 192 0
w 320 192 288 192 0
w 320 192 320 160 0
r 320 160 320 96 0 1200
w 320 96 320 64 0
w 320 64 384 64 0
w 256 208 256 224 0
w 128 464 80 464 0
w 224 176 224 160 0
r 224 160 224 96 0 340
w 224 96 224 64 0
w 128 320 80 320 0
w 80 320 80 384 0
d 192 336 160 336 2 default
t 144 288 144 320 0 1 0.6382085344950121 0.6561569631556506 100 default
w 192 224 192 336 0
r 144 272 80 272 0 1100
w 80 272 80 320 0
w 224 176 256 176 0
w 256 224 192 224 0
w 224 64 320 64 0
